7.786558102075627176e+03 -2.922636883630661760e+04
1.392488061285390359e+04 -1.516650001483076267e+04
1.257053020878494499e+04 -2.216646037988982062e+04
7.247226950332852539e+03 2.486211579247404734e+04
1.960891190615434607e+04 2.624647871152411972e+04
2.392334234632959851e+04 -1.645541512825095560e+04
1.230440886745208991e+04 -4.255683063599411980e+03
2.349795677737871301e+04 3.204760830088827061e+04
1.193521329724623320e+04 1.974275553385355306e+04
1.113862251933512744e+04 3.649583903085658676e+03
1.766832319462598389e+04 -3.001028091162225610e+04
1.776773681034970650e+04 3.640280074125355168e+04
2.080227276131699182e+04 7.054730937873566290e+03
1.453615393493823649e+04 -3.667777243949018157e+04
2.341351620504256789e+04 -2.380545356200055539e+04
2.120899479007186528e+04 9.888516189250367461e+01
6.935505099314006657e+03 -3.901535379524086602e+04
2.422665974957385333e+04 -3.656997980761597137e+04
7.341070689486016818e+03 -1.368900294682835374e+04
2.206057136409086525e+04 1.892208386956905451e+04
1.123472486097955152e+04 3.964868324352808122e+04
9.390034229228031109e+03 1.078965484371738421e+04
1.227123508277899236e+04 3.251793504970677895e+04
1.665226880659267044e+04 1.422247787910966872e+04
